0	0	0	0	0	0	0	0	0.000749896106485570257	0	2.87010370251102072e-40	0	0	0	0	0	0	0	0	0	0	0	0	0	0	21.4624136631558287	0	0	0	0	0	0	0	0	0	0	0	0	0	0	0	0	0	0	0	0	0	0	0	0	4.27487314577645883e-05	0	0	0	0	0	0	
0	0	0	0	0	0	0	0	0.000288079980486299903	0	3.51868977253474278e-37	0	0	0	0	0	0	0	0	0	0	0	0	0	0	0	0	0	0	0	0	0	0	0	0	0	0	0	0	0	0	0	0	0	0	0	0	0	0	0	0.000349309989915093377	0	0	0	0	0	0	
0	0	0	0	0	0	0	0	0	0	3.22672847953115038	0	0	0	0	0	0	0	0	0	0	0	0	0	0	0	0	0	0	0	0	0	0	0	0	0	0	0	0	0	0	0	0	0	0	0	0	0	0	0	0.00124569149329314954	0	0	0	0	0	0	
0	0	0	0	0	0	0	0	0	0	9.84806901484047583e-41	0	0	0	0	0	0	0	0	0	0	0	0	0	0	25.8930523786218032	0	0	0	0	0	0	0	0	0	0	0	0	0	0	0	0	0	0	0	0	0	0	0	0	4.23370121493404916e-05	0	0	0	0	0	0	
0	0	0	0	83.5588053541546287	0	0	0	0	0	9.41439866422543302e-31	0	0	0	0	0	0	0	0	0	0	0	0	0	0	1.10434782608695947	0	0	0	0	0	0	0	0	0	0	0	0	0	0	0	0	0	0	0	0	0	0	0	0	4.23369567979503536e-05	0	0	0	0	0	0	
0	0	0	0	8.30980582122720079e-08	0	0	0	0	0	1.17436406035453268e-31	0	0	0	0	0	0	0	0	0	0	0	0	0	0	0	0	0	0	0	0	0	0	0	0	0	0	0	0	0	0	0	0	0	0	0	0	0	0	0	4.23369784619542777e-05	0	0	0	0	0	0	
0	0	0	0	0	0	0	0	0	0	2.7621825205423716e-31	0	0	0	0	0	0	0	0	0	0	0	0	0	0	0	0	0	0	0	0	0	0	0	0	0	0	0	0	0	0	0	0	0	0	0	0	0	0	0	4.50608225808779572e-05	0	0.00738951380716973069	0	0	0	0	
0	0	0	0	0	0	0	0	0	0	2.14749913872683074	0	0	0	0	0.968752845915194394	0	0	0	0	0	0	0	0	0.00106628342393897475	0	0	0	0	0	0	0	0	0	0	0	0	0	0	0	0	0	0	0	0	0	0	0	0	0	0.000436741871599349157	0	0	0	0	0	0	
0	0	0	0	3.51110219202869445	0	0	0	0.00290401613945978632	0	8.75582715378672876e-37	0	0	0	0	0	0	0	0	0	0	0	0	0	0	29.4467281288079263	0	0	0	0	0	0	0	0	0	0	0	0	0	0	0	0	0	0	0	0	0	0	0	0	5.60081232020559483e-05	0	0	0	0	0	0	
0	0	0	0	0	0	0	0	0	0	1.08776603935411332e-33	0	0	0	0	0	0	0	0	0	0	0	0	0	0	0.260116989117754827	0	0	0	0	0	0	0	0	0	0	0	0	0	0	0	0	0	0	0	0	0	0	0	2.89454629453666694e-06	0.000522411686385094998	0	0.00737516938944260403	0	0	0	0	
0	0	0	0	0.353842999214113774	0	0	0	0	0	1.04265742867701823e-29	0	0	0	0	0	0	0	0	0	0	0	0	0	0	0	0	0	0	0	0	0	0	0	0	0	0	0	0	0	0	0	0	0	0	0	0	0	0	0	4.23369600923151346e-05	0	0	0	0	0	0	
0	0	0	0	0	0	0	0	0	0	2.40280311676793801	0	0	0	0	0	0	0	0	0	0	0	0	0	0.00106361655068267814	0.0391070285825243502	0	0	0	0	0	0	0	0	0	0	0	0	0	0	0	0	0	0	0	0	0	0	0	0	4.23370089183694454e-05	0	0	0	0	0	0	
0	0	0	0	5.79861295282502898	0	0	0	0	0	1.38468944630512345e-43	0	0	0	0	0	0	0	0	0	0	0	0	0	0	0	0	0	0	0	0	0	0	0	0	0	0	0	0	0	0	0	0	0	0	0	0	0	0	1.10372102018909576e-05	0.000413434064785597744	0	0	0	0	0	0	
0	0	0	0	0	0	0	0	0.000376443106608892464	0	1.44635175501320084e-32	0	0	0	0	0	0	0	0	0	0	0	0	0	0	0	0	0	0	0	0	0	0	0	0	0	0	0	0	0	0	0	0	0	0	0	0	0	0	0	4.23369604392598298e-05	0	0	0	0	0	0	
0	0	0	0	0	0	0	0	0	0	3.36757748770695614e-33	0	0	0	0	0	0	0	0	0	0	0	0	0	0	0	0	0	0	0	0	0	0	0	0	0	0	0	0	0	0	0	0	0	0	0	0	0	0	1.83361417371452244e-06	4.23369789334104851e-05	0	0	0	0	0	0	
0	0	4.08404052857761712	0	0	0	0	0	0.00177396183627820392	0	7.62443701366457702e-38	0	0	0	0	0	0	0	0	0	0	0	0	0	0	0.973703350691906167	0	0	0	0	0	0	0	0	0	0	0	0	0	0	0	0	0	0	0	0	0	0	0	0	4.54965725015937794e-05	0	0	0	0	0	0	
0	0	0	0	30.9039090354024992	0	0	0	0	0	2.69168479608362787	0	0	0	0	0	0	0	0	0	0	0	0	0	0.00105835566302549234	3.71974387893083858	0	0	0	0	0	0	0	0	0	0	0	0	0	0	0	0	0	0	0	0	0	0	0	0	4.2336958634869859e-05	0	0	0	0	0	0	
0	0	0	0	0	0	0	0	0	0	1.78656855773473407e-32	0	0	0	0	0	0	0	0	0	0	0	0	0	0	21.7495256689356182	0	0	0	0	0	0	0	0	0	0	0	0	0	0	0	0	0	0	0	0	0	0	0	0	4.69388734844200517e-05	0	0	0.0428552697395270799	0	0	0	
0	0	0	0	0	0	0	0	0.000542567948740302342	0	2.29502797778928191e-36	0	0	0	0	0	0	0	0	0	0	0	0	0	0.00107027174563107948	1.10434782608695414	0	0	0	0	0	0	0	0	0	0	0	0	0	0	0	0	0	0	0	0	0	0	0	0	4.23369625766056856e-05	0	0	0	0	0	0	
0	0	0	0	0	0	0	0	0	0	1.51582083094360377e-36	0	0	0	0	0	0	0	0	0	0	0	0	0	0.00106285766883129022	1.10434782608695947	0	0	0	0	0	0	0	0	0	0	0	0	0	0	0	0	0	0	0	0	0	0	0	0	4.30784961159558222e-05	0	0	0	0	0	0	
0	0	0	0	0	0	0	0	0	0	8.81158865401275697e-38	0	0	0	0	0	0	0	0	0	0	0	0	0	0.00106994361544733465	0	0	0	0	0	0	0	0	0	0	0	0	0	0	0	0	0	0	0	0	0	0	0	0	0	0.000318680636651927363	0	0	0	0	0	0	
0	0	0	0	0	0	0	0	0	0	1.70406474560513578e-33	0	0	0	0	0	0	0	0	0	0	0	0	0	0.00106384501052530123	11.1220933454498692	0	0	0	0	0	0	0	0	0	0	0	0	0	0	0	0	0	0	0	0	0	0	0	0	0.00034394676907307381	0	0	0	0	0	0	
0	0	0	0	0	0	0	0	0	0	8.51715520581150306e-42	0	0	0	0	0	0	0	0	0	0	0	0	0	0.00105299570554605012	46.4350422841511232	0	0	0	0	0	0	0	0	0	0	0	0	0	0	0	0	0	0	0	0	0	0	0	0	0.000434077734620171712	0	0	0	0	0	0	
0	0	0	0	0	0	0	0	0	0	1.1805956376982281e-29	0	0	0	0	0	0	0	0	0	0	0	0	0	0.00106700993115347947	0	0	0	0	0	0	0	0	0	0	0	0	0	0	0	0	0	0	0	0	0	0	0	0	0	4.23369611880497487e-05	0	0	0	0	0	0	
0	0	0	0	0	0	0	0	0	0	6.99362270105218879e-36	0	0	0	0	0	0	0	0	0	0	0	0	0	0	39.1170987036560263	0	0	0	0	0	0	0	0	0	0	0	0	0	0	0	0	0	0	0	0	0	0	0	0	4.23369576258436631e-05	0	0	0	0	0	0	
