0	0	0	0	0	0	0	0	0	0	8.6247415506052494e-57	0	0	0	0	0	0	0	0	0	0	0	0	0	0	0	0	0	0	0	0	0	0	0	0	0	0	0	0	0	0	0	0	0	0	0	0	0	0	0	4.97591927096086017e-05	0	0	0	0	0	0	
0	0	0	0	0	0	0	0	0	0	4.49590248368597134e-56	0	0	0	0	0	0	0	0	0	0	0	0	0	0	0	0	0	0	0	0	0	0	0	0	0	0	0	0	0	0	0	0	0	0	0	0	0	0	0	4.27586955373260302e-05	0	0	0	0	0	0	
0	0	0	0	0	0	0	0	0	0	1.97945784675901081e-65	0	0	0	0	0	0	0	0	0	0	0	0	0	0	0	0	0	0	0	0	0	0	0	0	0	0	0	0	0	0	0	0	0	0	0	0	0	0	0	4.38855991858888572e-05	0	0	0	0	0	0	
0	0	0	0	0	0	0	0	0	0	1.06008877631402336e-59	0	0	0	0	0	0	0	0	0	0	0	0	0	0	0	0	0	0	0	0	0	0	0	0	0	0	0	0	0	0	0	0	0	0	0	0	0	0	0	4.23369831922260076e-05	0	0	0	0	0	0	
0	0	0	0	0	0	0	0	0	0	2.88606639168199772e-65	0	0	0	0	0	0	0	0	0	0	0	0	0	0	0	0	0	0	0	0	0	0	0	0	0	0	0	0	0	0	0	0	0	0	0	0	0	0	0	4.23369576492138577e-05	0	0	0	0	0	0	
0	0	0	0	0	0	0	0	0	0	1.78494632735494562e-46	0	0	0	0	0	0	0	0	0	0	0	0	0	0	0	0	0	0	0	0	0	0	0	0	0	0	0	0	0	0	0	0	0	0	0	0	0	0	0	5.04754940531815244e-05	0	0	0	0	0	0	
0	0	0	0	0	0	0	0	0	0	8.40500853704108914e-49	0	0	0	0	0	0	0	0	0	0	0	0	0	0	0	0	0	0	0	0	0	0	0	0	0	0	0	0	0	0	0	0	0	0	0	0	0	0	0	4.26458299897514159e-05	0	0	0	0	0	0	
0	0	0	0	0	0	0	0	0	0	2.76293346355471367e-61	0	0	0	0	0	0	0	0	0	0	0	0	0	0	0	0	0	0	0	0	0	0	0	0	0	0	0	0	0	0	0	0	0	0	0	0	0	0	0	5.3945252333580801e-05	0	0	0	0	0	0	
0	0	0	0	0	0	0	0	0	0	2.46911190550962973e-60	0	0	0	0	0	0	0	0	0	0	0	0	0	0	0	0	0	0	0	0	0	0	0	0	0	0	0	0	0	0	0	0	0	0	0	0	0	0	0	7.50328660234188261e-05	0	0	0	0	0	0	
0	0	0	0	0	0	0	0	0	0	8.8195697390564541e-54	0	0	0	0	0	0	0	0	0	0	0	0	0	0	0	0	0	0	0	0	0	0	0	0	0	0	0	0	0	0	0	0	0	0	0	0	0	0	0	4.96893692272792897e-05	0	0	0	0	0	0	
0	0	0	0	0	0	0	0	0	0	3.06977188836416951e-57	0	0	0	0	0	0	0	0	0	0	0	0	0	0	0	0	0	0	0	0	0	0	0	0	0	0	0	0	0	0	0	0	0	0	0	0	0	0	0	4.35487198625073013e-05	0	0	0	0	0	0	
0	0	0	0	0	0	0	0	0	0	6.96230099916393784e-62	0	0	0	0	0	0	0	0	0	0	0	0	0	0	0	0	0	0	0	0	0	0	0	0	0	0	0	0	0	0	0	0	0	0	0	0	0	0	0	4.23369852362021071e-05	0	0	0	0	0	0	
0	0	0	0	0	0	0	0	0	0	1.32787360405049385e-60	0	0	0	0	0	0	0	0	0	0	0	0	0	0	0	0	0	0	0	0	0	0	0	0	0	0	0	0	0	0	0	0	0	0	0	0	0	0	0	0.000109186825909445701	0	0	0	0	0	0	
0	0	0	0	0	0	0	0	0	0	3.91084431072571279e-47	0	0	0	0	0	0	0	0	0	0	0	0	0	0	0	0	0	0	0	0	0	0	0	0	0	0	0	0	0	0	0	0	0	0	0	0	0	0	0	4.23370166836023465e-05	0	0	0	0	0	0	
0	0	0	0	0	0	0	0	0	0	2.84474891339322897e-53	0	0	0	0	0	0	0	0	0	0	0	0	0	0	0	0	0	0	0	0	0	0	0	0	0	0	0	0	0	0	0	0	0	0	0	0	0	0	0	4.64734978443681612e-05	0	0	0	0	0	0	
0	0	0	0	0	0	0	0	0	0	4.96310828229268613e-68	0	0	0	0	0	0	0	0	0	0	0	0	0	0	0	0	0	0	0	0	0	0	0	0	0	0	0	0	0	0	0	0	0	0	0	0	0	0	0	4.41663748843579285e-05	0	0	0	0	0	0	
0	0	0	0	0	0	0	0	0	0	2.86954180575068112e-50	0	0	0	0	0	0	0	0	0	0	0	0	0	0	0	0	0	0	0	0	0	0	0	0	0	0	0	0	0	0	0	0	0	0	0	0	0	0	0	4.23369567344455966e-05	0	0	0	0	0	0	
0	0	0	0	0	0	0	0	0	0	2.11025908774706867e-72	0	0	0	0	0	0	0	0	0	0	0	0	0	0	0	0	0	0	0	0	0	0	0	0	0	0	0	0	0	0	0	0	0	0	0	0	0	0	0	4.23370083217911031e-05	0	0	0	0	0	0	
0	0	0	0	0	0	0	0	0	0	1.61053348528472749e-50	0	0	0	0	0	0	0	0	0	0	0	0	0	0	0	0	0	0	0	0	0	0	0	0	0	0	0	0	0	0	0	0	0	0	0	0	0	0	0	4.23369585825228434e-05	0	0	0	0	0	0	
0	0	0	0	0	0	0	0	0	0	5.94625966692777676e-68	0	0	0	0	0	0	0	0	0	0	0	0	0	0	0	0	0	0	0	0	0	0	0	0	0	0	0	0	0	0	0	0	0	0	0	0	0	0	0	5.15880989914174748e-05	0	0	0	0	0	0	
0	0	0	0	0	0	0	0	0	0	1.46784367670203768e-57	0	0	0	0	0	0	0	0	0	0	0	0	0	0	0	0	0	0	0	0	0	0	0	0	0	0	0	0	0	0	0	0	0	0	0	0	0	0	0	5.57852396942393192e-05	0	0	0	0	0	0	
0	0	0	0	0	0	0	0	0	0	4.20066903395946547e-59	0	0	0	0	0	0	0	0	0	0	0	0	0	0	0	0	0	0	0	0	0	0	0	0	0	0	0	0	0	0	0	0	0	0	0	0	0	0	0	0.000206893713048640626	0	0	0	0	0	0	
0	0	0	0	0	0	0	0	0	0	5.50621999837326493e-66	0	0	0	0	0	0	0	0	0	0	0	0	0	0	0	0	0	0	0	0	0	0	0	0	0	0	0	0	0	0	0	0	0	0	0	0	0	0	0	4.2336959419631004e-05	0	0	0	0	0	0	
0	0	0	0	0	0	0	0	0	0	1.24833997339581255e-52	0	0	0	0	0	0	0	0	0	0	0	0	0	0	0	0	0	0	0	0	0	0	0	0	0	0	0	0	0	0	0	0	0	0	0	0	0	0	0	4.23369909848814174e-05	0	0	0	0	0	0	
0	0	0	0	0	0	0	0	0	0	1.62035548094962551e-49	0	0	0	0	0	0	0	0	0	0	0	0	0	0	0	0	0	0	0	0	0	0	0	0	0	0	0	0	0	0	0	0	0	0	0	0	0	0	0	0.000411041158374720467	0	0	0	0	0	0	
