0	0	0	0	0	0	0	0	0	0	1.63636561135497653e-43	0	0	0	0	0	0	0	0	0	0	0	0	0	0	0	0	0	0	0	0	0	0	0	0	0	0	0	0	0	0	0	0	0	0	0	0	0	0	0	4.23369618737234887e-05	0	0	0	0	0	0	
0	0	0	0	0	0	0	0	0	0	6.63570368078698379e-37	0	0	0	0	0	0	0	0	0	0	0	0	0	0	0	0	0	0	0	0	0	0	0	0	0	0	0	0	0	0	0	0	0	0	0	0	0	0	0.0800002413211737817	4.23369751980096076e-05	0	0	0	0	0	0	
0	0	0	0	1.09285333564912435e-05	0	0	0	0	0	4.19926662834010532e-38	0	0	0	0	0	0	0	0	0	0	0	0	0	0	0	0	0	0	0	0	0	0	0	0	0	0	0	0	0	0	0	0	0	0	0	0	0	0	0	4.23369690100705576e-05	0	0	0	0	0	0	
0	0	101.632259000636594	0	0	0	0	0	0	0	5.15629302105082504e-48	0	0	0	0	0	0	0	0	0	0	0	0	0	0	0	0	0	0	0	0	0	0	0	0	0	0	0	0	0	0	0	0	0	0	0	0	0	0	0	4.61259293165761086e-05	0	0	0	0	0	0	
0	0	0	0	0.00788932859270713958	0	0	0	0	0	7.96372445438620583e-44	0	0	0	0	0	0	0	0	0	0	0	0	0	0	0	0	0	0	0	0	0	0	0	0	0	0	0	0	0	0	0	0	0	0	0	0	0	0	0	4.26941683243087233e-05	0	0	0	0	0	0	
0	0	0	0	0	0	0	0	0	0	3.16699239639033832e-34	0	0	0	0	0	0	0	0	0	0	0	0	0	0.00107941893666281649	0	0	0	0	0	0	0	0	0	0	0	0	0	0	0	0	0	0	0	0	0	0	0	0	0	4.42448206701140379e-05	0	0	0	0	0	0	
0	0	0	0	7.41806616133544594e-12	0	0	0	0	0	4.12810290498645794e-36	0	0	0	0	0	0	0	0	0	0	0	0	0	0.00105830992991717246	0	0	0	0	0	0	0	0	0	0	0	0	0	0	0	0	0	0	0	0	0	0	0	0	0	4.23369656526451088e-05	0	0	0	0	0	0	
0	0	0	0	0	0	0	0	0	0	5.16243223646096607e-41	0	0	0	0	0	0	0	0	0	0	0	0	0	0	0	0	0	0	0	0	0	0	0	0	0	0	0	0	0	0	0	0	0	0	0	0	0	0	0	4.23369614006019468e-05	0	0	0	0	0	0	
0	0	0	0	0	0	0	0	0	0	2.45522989229102662e-36	0	0	0	0	0	0	0	0	0	0	0	0	0	0	0	0	0	0	0	0	0	0	0	0	0	0	0	0	0	0	0	0	0	0	0	0	0	0	0	4.2336961386724159e-05	0	0	0	0	0	0	
0	0	0	0	0	0	0	0	0	0	1.5947527623381154e-29	0	0	0	0	0	0	0	0	0	0	0	0	0	0	0	0	0	0	0	0	0	0	0	0	0	0	0	0	0	0	0	0	0	0	0	0	0	0	0	4.2336964285794032e-05	0	0	0	0	0	0	
0	0	0	0	0	0	0	2.22044604925031308e-16	0	0	5.20209888718033748e-35	0	0	0	0	0	0	0	0	0	0	0	0	0	0	0	0	0	0	0	0	0	0	0	0	0	0	0	0	0	0	0	0	0	0	0	0	0	0	0	4.2336960427602488e-05	0	0	0	0	0	0	
0	0	0	0	0	0	0	0	0	0	7.61910741376596117e-42	0	0	0	0	0	0	0	0	0	0	0	0	0	0.00107986469200040992	0	0	0	0	0	0	0	0	0	0	0	0	0	0	0	0	0	0	0	0	0	0	0	0	0	4.23369595537459453e-05	0	0	0	0	0	0	
0	0	0	0	0	0	0	0	0	0	9.32668594477664612e-37	0	0	0	0	0	0	0	0	0	0	0	0	0	0.00108511463702288895	0	0	0	0	0	0	0	0	0	0	0	0	0	0	0	0	0	0	0	0	0	0	0	0	0	0.000400602940052466328	0	0	0	0	0	0	
0	0	0	0	0	0	0	0	0	0	5.31617604911096145e-39	0	0	0	0	0	0	0	0	0	0	0	0	0	0.00107707447353313319	0.805606284375944171	0	0	0	0	0	0	0	0	0	0	0	0	0	0	0	0	0	0	0	0	0	0	0	0	4.23369589910294053e-05	0	0	0	0	0	0	
0	0	0	0	0	0	0	0	0	0	3.31563811760354517e-37	0	0	0	0	0	0	0	0	0	0	0	0	0	0	0	0	0	0	0	0	0	0	0	0	0	0	0	0	0	0	0	0	0	0	0	0	0	0	0	0.000342553773899554465	0	0	0	0	0	0	
0	0	0	0	0	0	0	0	0	0	2.92061173013517064e-37	0	0	0	0	0	0	0	0	0	0	0	0	0	0.00107438972140440586	0	0	0	0	0	0	0	0	0	0	0	0	0	0	0	0	0	0	0	0	0	0	0	0	0	4.23370562040448206e-05	0	0	0	0	0	0	
0	0	101.63257705778733	0	0	0	0	0	0	0	8.77888693233156963e-37	0	0	0	0	0	0	0	0	0	0	0	0	0	0	0	0	0	0	0	0	0	0	0	0	0	0	0	0	0	0	0	0	0	0	0	0	0	0	0	4.44406050609247316e-05	0	0	0	0	0	0	
0	0	1.20163034302125027	0	0	0	0	0	0	0	2.63868938257356277e-38	0	0	0	0	0	0	0	0	0	0	0	0	0	0	0	0	0	0	0	0	0	0	0	0	0	0	0	0	0	0	0	0	0	0	0	0	0	0	0	4.23369580940247126e-05	0	0	0	0	0	0	
0	0	0	0	0	0	0	0	0	0	1.48843995407879295e-35	0	0	0	0	0	0	0	0	0	0	0	0	0	0	0	0	0	0	0	0	0	0	0	0	0	0	0	0	0	0	0	0	0	0	0	0	0	0	0	4.23369573770981944e-05	0	0	0	0	0	0	
0	0	0	0	0	0	0	0	0	0	3.86927518348596254e-35	0	0	0	0	0	0	0	0	0	0	0	0	0	0	0	0	0	0	0	0	0	0	0	0	0	0	0	0	0	0	0	0	0	0	0	0	0	0	0	4.23369671607165543e-05	0	0	0	0	0	0	
0	0	0	0	0	0	0	0	0	0	6.84332408375511031e-43	0	0	0	0	0	0	0	0	0	0	0	0	0	0	0	0	0	0	0	0	0	0	0	0	0	0	0	0	0	0	0	0	0	0	0	0	0	0	0	4.23369565882847354e-05	0	0	0	0	0	0	
0	0	0	0	0	0	0	0	0	0	5.15054102023013158e-40	0	0	0	0	0	0	0	0	0	0	0	0	0	0	0	0	0	0	0	0	0	0	0	0	0	0	0	0	0	0	0	0	0	0	0	0	0	0	0	4.23369568610110214e-05	0	0	0	0	0	0	
0	0	0	0	0	0	0	0	0	0	3.93796440260779825e-42	0	0	0	0	0	0	0	0	0	0	0	0	0	0	0	0	0	0	0	0	0	0	0	0	0	0	0	0	0	0	0	0	0	0	0	0	0	0	0	4.2336957024935451e-05	0	0	0	0	0	0	
0	0	0	0	0	0	0	0	0	0	3.88712972672337829e-42	0	0	0	0	0	0	0	0	0	0	0	0	0	0	0	0	0	0	0	0	0	0	0	0	0	0	0	0	0	0	0	0	0	0	0	0	0	0	0	4.23369571250775678e-05	0	0	0	0	0	0	
0	0	0	0	0	0	0	0	0	0	1.75351073037427867e-39	0	0	0	0	0	0	0	0	0	0	0	0	0	0	0	0	0	0	0	0	0	0	0	0	0	0	0	0	0	0	0	0	0	0	0	0	0	0	0	4.23370353920815568e-05	0	0	0	0	0	0	
