0	0	377.980900933119699	0.145272062368908772	0	0	0	0	0.0025940711222315338	0	1.43852995980270038	0	0	0	0	0	0	0	0	0	0	0	0	0	0.00105173984071407398	18.6846824169969921	0	0	0	0	0	0	0	0	0	0	0	0	0	0	0	0	0	0	0	0	0	0	0	2.75256561412787964e-08	6.5427764771037511	6.96862577478094281	8.96135291390242017	4.41514060454666613	0	0	0	
0	0	377.980900933119699	0.109814670318766128	0	0	0	0	0.00565476279137400173	0	1.14044376599660868e-34	0	0	0	0	0	0	0	0	0	0	0	0	0	0	64.9156537454324507	0	0	0	0	0	0	0	0	0	0	0	0	0	0	0	0	0	0	0	0	0	0	0	0	5.67201295453559862	6.77375044338757526	7.60848178524185048	5.34996469437310385	0	0	0	
0	0	261.690615149670634	0.0585688640155569429	0	0	0	0	0.00165036592953127226	0	1.81362352613172878e-32	0	0	0	0	0	0	0	0	0	0	0	0	0	0	14.3948221604322306	0	0.0355411738280340117	0	0	0	0	0	0	0	0	0	0	0	0	0	0	0	0	0	0	0	0	0	0	5.95304474844384579	7.07253046497851656	8.61073185618945303	4.57141380634516903	0	0	0	
0	0	200.891259052731868	0.130564448652203402	0	0	0	0	0.000106700396104164597	0	1.39724335622607043	0	0	0	0	0	0	0	0	0	0	0	0	0	0.00105173984071395884	48.5836209979999722	0	0.94132227886119324	0	0	0	0	0	0	0	0	0	0	0	0	0	0	0	0	0	0	0	0	0	1.02292251543947277	7.82018502470055488	5.50815160098562551	8.62685014916200643	5.8781839637561708	0	0	0	
0	0	377.980900933119699	0.0155086494283908083	0	0	0	0	0.00276037897243164299	0	5.95759369747673321e-28	0	0	0	0	0	0	0	0	0	0	0	0	0	0.00105174314227343734	38.9460586943205698	0	0	0	0	0	0	0	0	0	0	0	0	0	0	0	0	0	0	0	0	0	0	0	0	6.42069074920887228	5.56267919823078394	9.01300774849426389	4.99670137099681355	0	0	0	
0	0	0	0.163679684558406535	1.1050298700451151	0	0	0	0.00107230837097849196	0	7.34747577951236932e-33	0	0	3.25764955254983768	0	0	0	0	0	0	0	0	0	0	0	64.4973493023403961	0	0	0	0	0	0	0	0	0	0	0	0	0	0	0	0	0	0	0	0	0	0	0	0	6.210418867227121	6.87749057009931786	8.03595797137541012	5.13818618821132045	0	0	0	
0	0	377.980900933119699	0.0829081639313453689	0	0	0	0	0.00031799921872432968	0	4.92761576500049613e-39	0	0	0	0	0	0	0	0	0	0	0	0	0	0	3.07670184124850721	0	0	0	0	0	0	0	0	0	0	0	0	0	0	0	0	0	0	0	0	0	0	0	9.57398465061442262e-10	6.46581299213000893	6.58859434060863691	9.5349589084086368	4.65898934618642979	0	0	0	
0	0	377.981069904650383	0.220656182338168971	2.75645106739830226e-09	0	0	0	0.000602500189558874411	0	1.87047912887115582e-32	0	0	0	0	0	0	0	0	0	0	0	0	0	0	30.1366776850301363	0	0.707911877389438615	0	0	0	0	0	0	0	0	0	0	0	0	0	0	0	0	0	0	0	0	0	4.08065534112210981e-07	6.82705144263729036	4.66547709084069417	9.00532415047157286	4.47885387774619126	0	0	0	
0	0	377.980900933119926	0.0692682218629705471	0	0	0	0	0.00476389566323143221	0	6.08072688834049155e-31	0	0	0	0	0	0	0	0	0	0	0	0	0	0	64.4973493023404387	0	0.293895673630416354	0	0	0	0	0	0	0	0	0	0	0	0	0	0	0	0	0	0	0	0	0	0	7.62305940371984825	5.43896393877759721	7.9374090115439353	4.81245960661693228	0	0	0	
0	0	773.510272372389295	0.157098251016007939	0	0	0	0	0.00137015578041843611	0	7.39114369478575908e-30	0	0	0	0	0	0	0	0	0	0	0	0	0	0.00105173984071394214	41.309238348945982	0	0.598031310682779704	0	0	0	0	0	0	0	0	0	0	0	0	0	0	0	0	0	0	0	0	0	0.00117330615686988909	5.86037383236579945	5.94092000022009792	8.15138726321716156	5.00809757294378688	0	0	0	
0	0	309.238485237031057	0.04162112024426734	65.281466734546612	0	0	0	0.00132862140082901092	0	1.32447007356158508	0	0	0	0	0	0	0	0	0	0	0	0	0	0.00105173984071523408	19.2947845804988845	0	0	0	0	0	0	0	0	0	0	0	0	0	0	0	0	0	0	0	0	0	0	0	0	6.92171134742910077	5.58329756230078722	7.76427454416007201	4.37169254415629283	0	0	0	
0	0	377.980900933119699	0.0748512848493733118	0	0	0	0	0	0	1.26904783891536995e-29	0	0	0	0	0	0	0	0	0	0	0	0	0	0.00105173984071491684	34.7497681317174596	0	0	0	0	0	0	0	0	0	0	0	0	0	0	0	0	0	0	0	0	0	0	8.25502003133351084e-08	0.0507758153259524891	5.92134858236457617	4.76720807199413521	7.90861498989419065	4.69105624146975941	0	0	0	
0	0	377.980900933119699	0.0509345717043083734	0	0	0	0	0.000825546558600454006	0	2.28647484131338885	0	0	0.777225750510840641	0	0	0	0	0	0	0	0	0	0	0.00105173984071396534	64.9156537454324933	0	0	0	0	0	0	0	0	0	0	0	0	0	0	0	0	0	0	0	0	0	0	2.29684436135267324e-10	0	6.59905037950335061	5.54883538330622539	8.90465695868648943	6.26530704940600724	0	0	0	
0	0	377.980900933119699	0.151489679693775692	0	0	0	0	0.00198677615186648726	0	1.92847299307642572	0	0	0	0	0	0	0	0	0	0	0	0	0	0.0010517398407139686	58.6495411900017558	0	0	0	0	0	0	0	0	0	0	0	0	0	0	0	0	0	0	0	0	0	0	0	0	5.95311978229130823	5.35766142755586383	7.83600667491604064	4.65978003596432355	0	0	0	
0	0	377.980900933119699	0	0	0	0	0	0	0	1.63884523864615161	0	0	0	0	0	0	0	0	0	0	0	0	0	0	5.22536239771771349	0	0.875873657913049719	0	0	0	0	0	0	0	0	0	0	0	0	0	0	0	0	0	0	0	0	0	0	6.51666462594379237	4.3830377513994101	8.67371100549424234	4.32824696919911922	0	0	0	
0	0	0	0.0392346854085183772	0	0	0	0	0.000877509183321523167	0	6.15150343011070637e-40	0	0	0	0	0	0	0	0	0	0	0	0	0	0	0.888113859042936937	0	0.82819505268036675	0	0	0	0	0	0	0	0	0	0	0	0	0	0	0	0	0	0	0	1.26049812131914235e-05	0	0	6.21883767027014578	6.66931972589986799	8.3448843623970852	5.02551713222138208	0	0	0	
0	0	223.233645546928443	0	0	0	0	0	0	0	1.99590950987080017e-29	0	0	0.189154326598295341	0	0	0	0	0	0	0	0	0	0	0.00105173984071396643	47.1162084228517557	0	0	0	0	0	0	0	0	0	0	0	0	0	0	0	0	0	0	0	0	0	0	0	3.07959963028679249e-07	6.74963583284806212	5.93572125480116686	8.78038681702086521	5.56515493011842821	0	0	0	
0	0	0	0	0	0	0	0	0.00110842820670231657	0	1.26296037186878785	0	0.00866267010058763276	0	0	0	0	0	0	0	0	0	0	0	0	64.4973493023404387	0	0.200000476962614471	0	0	0	0	0	0	0	0	0	0	0	0	0	0	0	0	0	0	0	0	5.912509313475221e-09	1.52286286738944896e-06	7.55388974881499475	5.98841840541003201	8.50056989039049427	4.48238774078860214	0	0	0	
0	0	377.980900933119699	0.391037974455580972	0	0	0	0	0.000478475926756205538	0	2.66874470797698038	0	0	0	0	0	0	0	0	0	0	0	0	0	0	47.3980595549921446	0	0	0	0	0	0	0	0	0	0	0	0	0	0	0	0	0	0	0	0	0	0	0	4.1713740774865987e-09	6.47810482735849824	6.6825706024140219	8.80617325086573643	4.89900479157248459	0	0	0	
0	0	377.980900933119983	0.0835209787508082169	0	0	0	0	0.00160720592999341605	0	2.81732841073388324e-36	0	0	0	0	0	0	0	0	0	0	0	0	0	0	7.02219620480104112	0	0	0	0	0	0	0	0	0	0	0	0	0	0	0	0	0	0	0	0	0	0	0	0	6.06512676639915149	5.33707212392620711	7.44006986666460346	5.46566682614694255	0	0	0	
0	0	377.980900933119699	0.0070757522982535237	22.0305210783784666	0	0	0	0	0	2.28433977785230091	0	0	0	0	0	0	0	0	0	0	0	0	0	0	48.6392376843479184	0	0	0	0	0	0	0	0	0	0	0	0	0	0	0	0	0	0	0	0	0	0	0	0	6.7194658326538379	5.12620567038892094	8.41081346463881019	6.86185857549883416	0	0	0	
0	0	0	0.0490473660307902959	66.5139555585870283	0	0	0	0.000266192238130180669	0	9.50587270730756667e-35	0	0	0	0	0	0	0	0	0	0	0	0	0	0.00105173984071402367	64.5757558793446833	0	0.703646987605622165	0	0	0	0	0	0	0	0	0	0	0	0	0	0	0	0	0	0	0	0	0	0	6.01373068259583121	6.05390911314219249	8.18687098024767934	5.2050615148151369	0	0	0	
0	0	0	0.0607758513550767931	41.6504904352489902	0	0	0	0.00444389849689130756	0	2.50695451821739823	0	0	0	0	0	0.0402266632291023996	0	0	0	0	0	0	0	0	65.1042023384916035	0	0	0	0	0	0	0	0	0	0	0	0	0	0	0	0	0	0	0	0	0	0	0	3.86236292915782316e-07	6.12986604590722006	4.50202429191802445	8.16738436143909752	5.65378590479972853	0	0	0	
0	0	377.980900933119699	0.0437534982214895507	0	0	0	0	0.00299273826734736126	0	7.1357869739409695e-33	0	0	0	0	0	0	0	0	0	0	0	0	0	0	65.1042023384916035	0	0	0	0	0	0	0	0	0	0	0	0	0	0	0	0	0	0	0	0	0	0	0	0	5.83873915672063326	5.5572495497309049	8.79450413078959059	4.44783881609054177	0	0	0	
0	0	203.897390056937752	0.156877539609372674	0	0	0	0	0.00210382987794122123	0	3.20573640935182308e-30	0	0	0	0	0	0	0	0	0	0	1	0	0	0	27.2599132019004244	0	0	0	0	0	0	0	0	0	0	0	0	0	0	0	0	0	0	0	0	0	0	0	0	6.09482352236932545	5.07017738526677242	8.63199074123545174	4.6782953251790973	0	0	0	
