0	0	0	0	0	0	0	0	0	0	5.77527434211488938e-32	0	0	0	0	0	0	0	0	0	0	0	0	0	0	0	0	0	0	0	0	0	0	0	0	0	0	0	0	0	0	0	0	0	0	0	0	0	0	0	5.62516742553809124e-05	0	0	0	0	0	0	
0	0	0	0	0	0	0	0	0	0	6.11921963094079341e-36	0	0	0	0	0	0	0	0	0	0	0	0	0	0	42.4125411403711965	0	0	0	0	0	0	0	0	0	0	0	0	0	0	0	0	0	0	0	0	0	0	0	0	0.000215943450250874469	0	0	0	0	0	0	
0	0	0	0	0	0	0	0	0	0	3.38174204268428308e-42	0	0	0	0	0	0	0	0	0	0	0	0	0	0	0	0	0	0	0	0	0	0	0	0	0	0	0	0	0	0	0	0	0	0	0	0	0	0	0	5.20382334651681155e-05	0	0	0	0	0	0	
0	0	0	0	0	0	0	0	0	0	1.81720704152388773e-33	0	0	0	0	0	0	0	0	0	0	0	0	0	0	0	0	0	0	0	0	0	0	0	0	0	0	0	0	0	0	0	0	0	0	0	0	0	0	0	4.23369653470007101e-05	0	0	0	0	0	0	
0	0	0	0	0	0	0	0	0	0	6.81038294169903964e-47	0	0	0	0	0	0	0	0	0	0	0	0	0	0.0010662321120064812	0	0	0	0	0	0	0	0	0	0	0	0	0	0	0	0	0	0	0	0	0	0	0	0	0	0.000341115832064847052	0	0	0	0	0	0	
0	0	0	0	0.637455554223340104	0	0	0	0	0	9.92596415870527246e-39	0	0	0	0	0	0	0	0	0	0	0	0	0	0	0	0	0	0	0	0	0	0	0	0	0	0	0	0	0	0	0	0	0	0	0	0	0	0	0	4.23369645792814886e-05	0	0	0	0	0	0	
0	0	0	0	0	0	0	0	0	0	2.19989438824199935e-37	0	0	0	0	0.968752845915194394	0	0	0	0	0	0	0	0	0	1.10434782608695947	0	0	0	0	0	0	0	0	0	0	0	0	0	0	0	0	0	0	0	0	0	0	0	0	6.63156590902658216e-05	0	0	0	0	0	0	
0	0	0	0	0	0	0	0	0	0	2.08881316982721288e-35	0	0	0	0	0	0	0.0105321914637153125	0	0	0	0	0	0	0	0	0	0	0	0	0	0	0	0	0	0	0	0	0	0	0	0	0	0	0	0	0	0	0	0	0.000380366870769664744	0	0	0	0	0	0	
0	0	0	0	0	0	0	0	0	0	2.57457620722343625e-31	0	0	0	0	0.968752845915194394	0	0	0	0	0	0	0	0	0	0	0	0	0	0	0	0	0	0	0	0	0	0	0	0	0	0	0	0	0	0	0	0	0	0	4.23369666288642144e-05	0	0	0	0	0	0	
0	0	0	0	0	0	0	0	0	0	9.82493814815417911e-38	0	0	0	0	0.968752845915194394	0	0	0	0	0	0	0	0	0	0	0	0	0	0	0	0	0	0	0	0	0	0	0	0	0	0	0	0	0	0	0	0	0	0	4.23369595217160111e-05	0	0	0	0	0	0	
0	0	148.764561291009102	0	0	0	0	0	0	0	1.32200180684272541e-38	0	0	0	0	0	0	0	0	0	0	0	0	0	0	0	0	0	0	0	0	0	0	0	0	0	0	0	0	0	0	0	0	0	0	0	0	0	0	0	0.000340166070569615508	0	0	0	0	0	0	
0	0	0	0	1.34340467639049166e-08	0	0	0	0	0	2.39032297732919087e-31	0	0	0	0	0	0	0	0	0	0	0	0	0	0	0	0	0	0	0	0	0	0	0	0	0	0	0	0	0	0	0	0	0	0	0	0	0	0	0	0.000415811487136753116	0	0	0	0	0	0	
0	0	0	0	0.0271428779319648934	0	0	0	0	0	1.40688117704200776e-31	0	0	0	0	0	0	0	0	0	0	0	0	0	0	0	0	0	0	0	0	0	0	0	0	0	0	0	0	0	0	0	0	0	0	0	0	0	0	0	4.23369573838150437e-05	0	0	0	0	0	0	
0	0	0	0	0	0	0	0	0	0	5.14398886560889625e-28	0	0	0	0	0	0	0	0	0	0	0	0	0	0	1.10434782608695414	0	0	0	0	0	0	0	0	0	0	0	0	0	0	0	0	0	0	0	0	0	0	0	0	5.04005822072883802e-05	0	0	0	0	0	0	
0	0	0	0	0	0	0	0	0	0	3.93984101113053031e-35	0	0	0	0	0	0	0	0	0	0	0	0	0	0	0	0	0	0	0	0	0	0	0	0	0	0	0	0	0	0	0	0	0	0	0	0	0	0	0	4.23369621389002582e-05	0	0	0	0	0	0	
0	0	0	0	2.03844252268936543e-05	0	0	0	0	0	3.09232001172112842e-35	0	0	0	0	0	0	0	0	0	0	0	0	0	0	0	0	0	0	0	0	0	0	0	0	0	0	0	0	0	0	0	0	0	0	0	0	0	0	0	4.23369681420426858e-05	0	0	0	0	0	0	
0	0	0	0	0	0	0	0	0	0	2.40218151814628709e-40	0	0	0	0	0	0	0	0	0	0	0	0	0	0	49.2473355326591147	0	0	0	0	0	0	0	0	0	0	0	0	0	0	0	0	0	0	0	0	0	0	0	0	0.000341697197923755691	0	0	0	0	0	0	
0	0	0	0	0.00368919472322204456	0	0	0	0	0	1.28296019590988438e-32	0	0	0	0	0	0	0	0	0	0	0	0	0	0	0	0	0	0	0	0	0	0	0	0	0	0	0	0	0	0	0	0	0	0	0	0	0	0	0	0.000340878420573904883	0	0	0	0	0	0	
0	0	0	0	5.11812459080829285e-08	0	0	0	0	0	5.27433763262229264e-37	0	0	0	0	0	0	0	0	0	0	0	0	0	0	47.1914752218188767	0	0	0	0	0	0	0	0	0	0	0	0	0	0	0	0	0	0	0	0	0	0	0	0	4.23369567746911812e-05	0	0	0	0	0	0	
0	0	0	0	0	0	0	0	0	0	1.70363029142077147e-31	0	0	0	0	0.596207804915555029	0	0	0	0	0	0	0	0	0.00107205550717168175	0.667491338694787828	0	0	0	0	0	0	0	0	0	0	0	0	0	0	0	0	0	0	0	0	0	0	0	0	4.30504036660894762e-05	0	0	0	0	0	0	
0	0	0	0	0	0	0	0	0	0	1.43545301826607358e-29	0	0	0	0	0	0	0	0	0	0	0	0	0	0.00106939232258421927	0	0	0	0	0	0	0	0	0	0	0	0	0	0	0	0	0	0	0	0	0	0	0	0	0	5.3721584650168186e-05	0	0	0	0	0	0	
0	0	0	0	0	0	0	0	0	0	1.98761202386180863e-33	0	0	0	0	0	0	0	0	0	0	0	0	0	0.00105173984071396621	1.10434782608695947	0	0	0	0	0	0	0	0	0	0	0	0	0	0	0	0	0	0	0	0	0	0	0	0	4.90687255917943155e-05	0	0	0	0	0	0	
0	0	0	0	0	0	0	0	0	0	1.08514999317704349e-36	0	0	0	0	0	0	0	0	0	0	0	0	0	0	0	0	0	0	0	0	0	0	0	0	0	0	0	0	0	0	0	0	0	0	0	0	0	0	0	4.66508801213322277e-05	0	0	0	0	0	0	
0	0	0	0	0	0	0	0	0	0	7.49672456053010172e-31	0	0	0	0	0	0	0	0	0	0	0	0	0	0	0	0	0	0	0	0	0	0	0	0	0	0	0	0	0	0	0	0	0	0	0	0	0	0	0	4.27938324026877481e-05	0	0	0	0	0	0	
0	0	0	0	0	0	0	0	0	0	1.51545898195321151e-34	0	0	0	0	0	0	0	0	0	0	0	0	0	0	0	0	0	0	0	0	0	0	0	0	0	0	0	0	0	0	0	0	0	0	0	0	0	0	0	4.7559509970485081e-05	0	0	0	0	0	0	
