0	0	0	0	0	0	0	0	0	0	1.05093917156369055e-49	0	0	0	0	0	0	0	0	0	0	0	0	0	0	0	0	0	0	0	0	0	0	0	0	0	0	0	0	0	0	0	0	0	0	0	0	0	0	0	4.23369746928026203e-05	0	0	0	0	0	0	
0	0	0	0	0	0	0	0	0	0	9.33655421522768475e-46	0	0	0	0	0	0	0	0	0	0	0	0	0	0	0	0	0	0	0	0	0	0	0	0	0	0	0	0	0	0	0	0	0	0	0	0	0	0	0	4.23369763719594339e-05	0	0	0	0	0	0	
0	0	0	0	0	0	0	0	0	0	1.20430153495021884e-46	0	0	0	0	0	0	0	0	0	0	0	0	0	0	0	0	0	0	0	0	0	0	0	0	0	0	0	0	0	0	0	0	0	0	0	0	0	0	0	4.23369628790304375e-05	0	0	0	0	0	0	
0	0	0	0	0	0	0	0	0	0	3.83525935601980318e-47	0	0	0	0	0	0	0	0	0	0	0	0	0	0	0	0	0	0	0	0	0	0	0	0	0	0	0	0	0	0	0	0	0	0	0	0	0	0	0	4.23369572124521198e-05	0	0	0	0	0	0	
0	0	0	0	0	0	0	0	0	0	3.74022195221167906e-41	0	0	0	0	0	0	0	0	0	0	0	0	0	0	0	0	0	0	0	0	0	0	0	0	0	0	0	0	0	0	0	0	0	0	0	0	0	0	0	4.23369616912028235e-05	0	0	0	0	0	0	
0	0	0	0	0	0	0	0	0	0	2.61362592980332334e-42	0	0	0	0	0	0	0	0	0	0	0	0	0	0.00106240240072491359	0	0	0	0	0	0	0	0	0	0	0	0	0	0	0	0	0	0	0	0	0	0	0	0	0	4.23369567836839877e-05	0	0	0	0	0	0	
0	0	0	0	0	0	0	0	0	0	1.95445332088567989e-44	0	0	0	0	0	0	0	0	0	0	0	0	0	0	0	0	0	0	0	0	0	0	0	0	0	0	0	0	0	0	0	0	0	0	0	0	0	0	0	4.23369614953594819e-05	0	0	0	0	0	0	
0	0	0	0	0	0	0	0	0	0	5.82190342006868149e-47	0	0	0	0	0	0	0	0	0	0	0	0	0	0.00108457390796831417	0	0	0	0	0	0	0	0	0	0	0	0	0	0	0	0	0	0	0	0	0	0	0	0	0	4.23369597383760343e-05	0	0	0	0	0	0	
0	0	0	0	0	0	0	0	0	0	4.98118049434810839e-39	0	0	0	0	0	0	0	0	0	0	0	0	0	0	0	0	0	0	0	0	0	0	0	0	0	0	0	0	0	0	0	0	0	0	0	0	0	0	0.0799694297268785659	4.23369796637707019e-05	0	0	0	0	0	0	
0	0	0	0	0	0	0	0	0	0	1.07435903005884343e-52	0	0	0	0	0	0	0	0	0	0	0	0	0	0	0	0	0	0	0	0	0	0	0	0	0	0	0	0	0	0	0	0	0	0	0	0	0	0	0	4.23369566843745382e-05	0	0	0	0	0	0	
0	0	0	0	0	0	0	0	0	0	1.16451590642754983e-45	0	0	0	0	0	0	0	0	0	0	0	0	0	0	0	0	0	0	0	0	0	0	0	0	0	0	0	0	0	0	0	0	0	0	0	0	0	0	0	4.23369578337329244e-05	0	0	0	0	0	0	
0	0	0	0	0	0	0	0	0	0	3.7611370009348943e-54	0	0	0	0	0	0	0	0	0	0	0	0	0	0	0	0	0	0	0	0	0	0	0	0	0	0	0	0	0	0	0	0	0	0	0	0	0	0	0	4.23369569940712509e-05	0	0	0	0	0	0	
0	0	0	0	0	0	0	0	0	0	4.56268555015117996e-42	0	0	0	0	0	0	0	0	0	0	0	0	0	0.00105911635119719516	0	0	0	0	0	0	0	0	0	0	0	0	0	0	0	0	0	0	0	0	0	0	0	0	0.0702654599858618112	4.23369813943308415e-05	0	0	0	0	0	0	
0	0	0	0	0	0	0	0	0	0	4.58389302828714826e-55	0	0	0	0	0	0	0	0	0	0	0	0	0	0	0	0	0	0	0	0	0	0	0	0	0	0	0	0	0	0	0	0	0	0	0	0	0	0	0	4.23369585447752605e-05	0	0	0	0	0	0	
0	0	0	0	0	0	0	0	0	0	3.14978906593001819e-37	0	0	0	0	0	0	0	0	0	0	0	0	0	0	0	0	0	0	0	0	0	0	0	0	0	0	0	0	0	0	0	0	0	0	0	0	0	0	0	4.23369603759771174e-05	0	0	0	0	0	0	
0	0	0	0	0	0	0	0	0	0	2.11483207556521607e-36	0	0	0	0	0	0	0	0	0	0	0	0	0	0	0	0	0	0	0	0	0	0	0	0	0	0	0	0	0	0	0	0	0	0	0	0	0	0	0	4.23369794268491084e-05	0	0	0	0	0	0	
0	0	0	0	0	0	0	0	0	0	2.32136915032776884e-41	0	0	0	0	0	0	0	0	0	0	0	0	0	0	0	0	0	0	0	0	0	0	0	0	0	0	0	0	0	0	0	0	0	0	0	0	0	0	0	4.23369601997292122e-05	0	0	0	0	0	0	
0	0	0	0	0	0	0	0	0	0	3.79937221652113426e-59	0	0	0	0	0	0	0	0	0	0	0	0	0	0	0	0	0	0	0	0	0	0	0	0	0	0	0	0	0	0	0	0	0	0	0	0	0	0	0	4.78181669473776161e-05	0	0	0	0	0	0	
0	0	0	0	0	0	0	0	0	0	1.02133549934922593e-49	0	0	0	0	0	0	0	0	0	0	0	0	0	0.00107269462785929397	0	0	0	0	0	0	0	0	0	0	0	0	0	0	0	0	0	0	0	0	0	0	0	0	0	4.23369571931342392e-05	0	0	0	0	0	0	
0	0	0	0	0	0	0	0	0	0	2.8070892716990233e-47	0	0	0	0	0	0	0	0	0	0	0	0	0	0	0	0	0	0	0	0	0	0	0	0	0	0	0	0	0	0	0	0	0	0	0	0	0	0	0	4.23369847302179636e-05	0	0	0	0	0	0	
0	0	0	0	0	0	0	0	0	0	1.4565337366277705e-47	0	0	0	0	0	0	0	0	0	0	0	0	0	0	0	0	0	0	0	0	0	0	0	0	0	0	0	0	0	0	0	0	0	0	0	0	0	0	0	4.23369625109359937e-05	0	0	0	0	0	0	
0	0	0	0	0	0	0	0	0	0	2.00047450192295498e-50	0	0	0	0	0	0	0	0	0	0	0	0	0	0	0	0	0	0	0	0	0	0	0	0	0	0	0	0	0	0	0	0	0	0	0	0	0	0	0	4.23369866538458872e-05	0	0	0	0	0	0	
0	0	0	0	0	0	0	0	0	0	6.42330921974131567e-52	0	0	0	0	0	0	0	0	0	0	0	0	0	0	1.10434782608695414	0	0	0	0	0	0	0	0	0	0	0	0	0	0	0	0	0	0	0	0	0	0	0	0	4.23369592485456359e-05	0	0	0	0	0	0	
0	0	0	0	0	0	0	0	0	0	9.79667283757375185e-47	0	0	0	0	0	0	0	0	0	0	0	0	0	0	0	0	0	0	0	0	0	0	0	0	0	0	0	0	0	0	0	0	0	0	0	0	0	0	8.78991859280181325e-11	4.23369750897628627e-05	0	0	0	0	0	0	
0	0	0	0	0	0	0	0	0	0	4.52458707355888766e-51	0	0	0	0	0	0	0	0	0	0	0	0	0	0	0	0	0	0	0	0	0	0	0	0	0	0	0	0	0	0	0	0	0	0	0	0	0	0	0	4.23369596044276264e-05	0	0	0	0	0	0	
