0	0	0	0.0584964161474088584	0	0	0	0	0	0	5.71071752831110532e-29	0	0	0	0	0	0	0	0	0	0	0	0	0	0.00105173984071408482	1.51405416124435543	0	0	0	0	0	0	0	0	0	0	0	0	0	0	0	0	0	0	0	0	0	0	0	0.178121165989803154	7.27903880652171598	7.84275553917502144	9.72781210296561127	4.93872154233112859	0	0	0	
0	0	377.980900933134478	0.000220506474288839627	0	0	0	0	0	2.77555756156289135e-17	2.15691392640631623e-22	0	0	0	0	0	0	0	0	0	0	1	0	0	0	5.08036602295165807	0	0	0	0	0	0	0	0	0	0	0	0	0	0	0	0	0	0	0	0	0	0.000341786225533738126	0	0	6.48842766440103613	6.80932953376906802	9.05355638446919109	5.0043497130816057	0	0	0	
0	0	0	0.0417860397467773037	0	0	0	0	0	0	2.36873532943945742e-24	0	0	0	0	0	0	0	0	0	0	1	0	0	0	0.685583825145585024	0	0	0	0	0	0	0	0	0	0	0	0	0	0	0	0	0	0	0	0	0	0	0	0	6.38252734056317106	6.67222797136164214	10.7192624569649304	5.03685375219555809	0	0	0	
0	0	165.033153626969238	0.182232691672946978	0	0	0	0	0	2.77555756156289135e-17	8.18204778993712783e-30	0	0	0	0	0	0	0	0	0	0	0.25	0	0	0	1.75957627778855752	0	0	0	0	0	0	0	0	0	0	0	0	0	0	0	0	0	0	0	0	0	0	0	0.206013073676723862	6.50740684531887048	5.63795274436644878	8.51132393427529088	4.95854242352888797	0	0	0	
0	0	0	0.0593770043371193434	0	0	0	0	0.000553190196139197177	0	1.61545635847182822	0	0	0	0	0	0	0	0	0	0	0.75	0	0	0.00105173984071399852	0.13029816377558312	0	0	0	0	0	0	0	0	0	0	0	0	0	0	0	0	0	0	0	0	0	0	0	0	7.18821052027951435	6.13747836005097724	9.21646052676873673	4.76175473121887105	0	0	0	
0	0	377.980900933120154	0.0612179012489688645	0	0	0	0.000287509246165829069	0	2.77555756156289135e-17	5.18355080668279132e-26	0	0	0	0	0	0	0	0	0	0	0	0	0	0.00105173984071402042	14.9650957394023649	0	0	0	0	0	0	0	0	0	0	0	0	0	0	0	0	0	0	0	0	0	0	0	0	7.04281306227115511	6.27253371797711168	9.74652922072681704	5.0201941254953093	0	0	0	
0	0	377.980900933119699	0.054902291358517652	0	0	0	0	0	0	8.32709176549480963e-31	0	0	0	0	0	0	0	0	0	0	0	0	0	0.00105173984071399028	1.30309812297741079	0	0	0	0	0	0	0	0	0	0	0	0	0	0	0	0	0	0	0	0	0	0	0	5.56620782326899592e-06	7.08912337250355229	7.16119043509652187	8.76381395126280971	4.46932051857370016	0	0	0	
0	0	377.980900933119699	0.171561572923093708	0	0	0	0	0	0	6.9161761691302161e-26	0	0	0	0	0	0	0	0	0	0	1	0	0	0.00105173984071402129	0	0	0.211704397886237849	0	0	0	0	0	0	0	0	0	0	0	0	0	0	0	0	0	0	0	0	0	0	7.77813740280644872	7.95241060574156489	9.51299453222684654	5.16851014762064764	0	0	0	
0	0	377.980900933119699	0.0165221861141440218	0	0	0	0	0	0	1.48951746537986828e-25	0	0	0	0	0	0	0	0	0	0	0	0	0	0	0	0	0	0	0	0	0	0	0	0	0	0	0	0	0	0	0	0	0	0	0	0	0	0	0	6.76870893434216381	6.6927409914735243	9.09251723221896135	5.16029513818070118	0	0	0	
0	0	377.980900933119699	0.147220403089909357	0	0	0	0	0	2.77555756156289135e-17	5.43743286009500875e-29	0	0	0	0	0	0	0	0	0	0	0	0	0	0.00105173984071402324	8.97966482380482844	0	0	0	0	0	0	0	0	0	0	0	0	0	0	0	0	0	0	0	0	0	0	0	0	6.72608167424450887	6.28534048427374969	9.6674222612196008	4.78116919099922999	0	0	0	
0	0	0	0.0306017599851240441	0	0	0	0	0	0	5.24798525819851599e-27	0	0	0	0	0	0	0	0	0	0	1	0	0	0	3.51482861326159934	0	0	0	0	0	0	0	0	0	0	0	0	0	0	0	0	0	0	0	0	0	0	0	0	6.90483438049268905	7.30473127598512573	9.5649038698064146	5.01594300070909416	0	0	0	
0	0	377.980900933119699	0.051096164727862825	0	0	0	0	0.000445278173644148012	0	1.57922835131311423	0	0	0	0	0	0	0	0	0	0	1	0	0	0.00105173984071404861	0	0	0	0	0	0	0	0	0	0	0	0	0	0	0	0	0	0	0	0	0	0	0	0	6.14840933665527597e-06	6.95643759247834037	6.39996359629805145	9.67787639650441989	4.96416052154910226	0	0	0	
0	0	377.980900933119699	0.0726587343779749872	0	0	0	0	0.00192669419979418777	0	2.49580198425488034e-32	0	0	0	0	0	0	0	0	0	0	0	0	0	0	1.69333333333333158	0	0	0	0	0	0	0	0	0	0	0	0	0	0	0	0	0	0	0	0	0	0	0	0	7.2086782846734474	5.45727394377201147	10.0868126134864529	4.90008094234371949	0	0	0	
0	0	377.980900933119699	0	0	0	0	0	0	0	2.25311528361760693	0	0	0	0	0	0	0	0	0	0	1	0	0	0	16.2956096171263951	0	0	0	0	0	0	0	0	0	0	0	0	0	0	0	0	0	0	0	0	0	0.161264279532784494	0	0	5.98376296752604375	7.90435392643614065	9.01086389602227733	4.47562579902409929	0	0	0	
0	0	323.528205122540328	0.0255530538768331539	0	0	0	0	0	0	8.41343948486536429e-27	0	0.0969781319416327392	0	0	0	0	0	0	0	0	0	0	0	0	20.5287045425952357	0	0	0	0	0	0	0	0	0	0	0	0	0	0	0	0	0	0	0	0	0	8.65999208722314054e-08	0	0	6.62295249775464256	7.16051365691749098	10.0312611972288188	4.92108566674388026	0	0	0	
0	0	377.980900933119699	0.124808722101467207	0	0	0	0	0	0	5.84652086283277436e-33	0	0	0	0	0	0	0	0	0	0	0	0	0	0	0	0	0	0	0	0	0	0	0	0	0	0	0	0	0	0	0	0	0	0	0	0	0	0	0	7.65900860707296793	7.65617506907400269	8.12061496633202751	4.87839133765164146	0	0	0	
0	0	377.980900933119699	0.070321343147702553	0	0	0	0	0	2.77555756156289135e-17	6.81927054432969367e-29	0	0	0	0	0	0	0	0	0	0	1	0	0	0.00105173984071396751	0	0	0	0	0	0	0	0	0	0	0	0	0	0	0	0	0	0	0	0	0	0	0	0	0	6.42300518365611239	6.66546892867400675	8.58389247926194265	4.42950430528191319	0	0	0	
0	0	181.618257329078943	0.0201957631988132214	0	0	0	0	0	0	2.79592983813165673e-24	0	0	0	0	0	0	0	0	0	0	0.5	0	0	0	4.74334572778636598	0	0	0	0	0	0	0	0	0	0	0	0	0	0	0	0	0	0	0	0	0	7.4682395528679981e-07	0	0	7.00272461778379895	6.82067494606477265	9.09499021031794364	4.97720714624744698	0	0	0	
0	0	102.808612368310918	0.0227268403178830791	0	0	0	0	0	0	1.02496309637344404e-29	0	0	0	0	0	0	0	0	0	0	1	0	0	0	0	0	0	0	0	0	0	0	0	0	0	0	0	0	0	0	0	0	0	0	0	0	2.15051287469122918e-07	0	0.0245206268482801547	6.5806102931910031	5.61822825580091223	8.88678604444009501	5.22066454257024049	0	0	0	
0	0	381.141221385808933	0.128376646647088033	0	0	0	0	0	0	1.94606535874577749e-27	0	0	0	0	0	0	0	0	0	0	0	0	0	0.00105173984071426025	3.21690461330050903	0	0	0	0	0	0	0	0	0	0	0	0	0	0	0	0	0	0	0	0	0	0	0	0	6.78598780105861188	7.12303049384001774	9.52891638850028677	4.81295695545291569	0	0	0	
0	0	0	0.108892668173250273	0	0	0	0	0.000469856439657578839	2.77555756156289135e-17	4.08048470180420921e-28	0	0	0	0	0	0	0	0	0	0	0.5	0	0	0	0	0	0	0	0	0	0	0	0	0	0	0	0	0	0	0	0	0	0	0	0	0	4.5204297942746007e-08	0	0.116175031007175938	6.60118790563511748	7.44534915814493736	9.65910456515256932	5.21355136463776248	0	0	0	
0	0	208.028668695076107	0.333035092024809742	0	0	0	0	0	2.77555756156289135e-17	1.336751357188529	0	0	0	0	0	0	0	0	0	0	0	0	0	0	13.2133306638616332	0	0	0	0.286429071954564129	0	0	0	0	0	0	0	0	0	0	0	0	0	0	0	0	0	0	0	0	6.90404069567167955	9.05213150880550721	10.8277172409313813	4.50039412834454744	0	0	0	
0	0	0	0.0729192840551112775	0	0	0	0	0	0	1.55568088371596502	0	0	0	0	0	0	0	0	0	0	1	0	0	0	14.5385739990361067	0	0	0	0	0	0	0	0	0	0	0	0	0	0	0	0	0	0	0	0	0	0	0	0	6.61238611777207907	6.87915831531444688	9.25196435385472959	4.91554782483983121	0	0	0	
0	0	0	0.0199123008464769935	0	0	0	0	0	0	1.25100188329758116e-28	0	0	0	0	0	0	0	0	0	0	0	0	0	0	15.1060445474726261	0	0	0	0	0	0	0	0	0	0	0	0	0	0	0	0	0	0	0	0	0	0	0	0	6.93136586279880085	6.82393403601892778	9.08364032106685926	4.81109245867154645	0	0	0	
0	0	377.980900933119699	0.101943091404237629	0	0	0	0	0	0	4.07712861617617076e-32	0	0	0	0	0	0	0	0	0	0	1	0	0	0	0	0	0	0	0	0	0	0	0	0	0	0	0	0	0	0	0	0	0	0	0	0	0	0	1.09735230400474302e-07	8.08277178163814192	5.52053872952263625	10.3199220493870278	4.50125911890572006	0	0	0	
