0	0	377.980900933119699	0.056463746196184772	0	0	0	0	0.00127632031142976832	0	1.5367410206281546e-26	0	0	0	0	0	0	0	0	0	0	0	0	0	0	10.6780743616813893	0	0	0	0	0	0	0	0	0	0	0	0	0	0	0	0	0	0	0	0	0	0	0	0	6.12941768439715329	8.44417622977341864	8.82441240755361811	4.96163455414740451	0	0	0	
0	0	356.436769634511961	0.0214939055834902915	0	0	0	0	0	0	4.94600183453325912e-24	0	0	0	0	0	0	0	0	0	0	0	0	0	0	13.9103160008171187	0	0	0	0	0	0	0	0	0	0	0	0	0	0	0	0	0	0	0	0	0	0.268587344023162256	0	1.24144147639522111e-09	6.748962831363297	6.66191819061144574	9.58195732575869563	5.02939890638668707	0	0	0	
0	0	0	0.0846331334044745365	0	0	0	0	0	2.77555756156289135e-17	2.68907529979223998e-31	0	0	0	0	0	0	0	0	0	0	0	0	0	0	0	0	0	0	0	0	0	0	0	0	0	0	0	0	0	0	0	0	0	0	0	0	0	0	0	6.75773104799301816	6.58458351403247732	8.93152254475320184	5.19666540552520395	0	0	0	
0	0	377.980900933119699	0.0347124776289211567	0	0	0	0	0	0	5.42206322818006238e-31	0	0	0	0	0	0	0	0	0	0	0	0	0	0.00105173984071413058	0	0	0	0	0	0	0	0	0	0	0	0	0	0	0	0	0	0	0	0	0	0	0	0	0	6.5491965392827467	6.17436850907755286	9.88195626549694062	4.86246800615286912	0	0	0	
0	0	0	0	0	0	0	0	0	2.77555756156289135e-17	5.95062322637455555e-29	0	0	0.0799051516381865667	0	0	0	0	0	0	0	0	0	0	0.00105173984071648742	12.1409999858986346	0	0	0	0	0	0	0	0	0	0	0	0	0	0	0	0	0	0	0	0	0	0	0	5.84671407149016841e-07	6.5359093567934039	7.23673042536299427	8.64616583424429663	5.23395578607370204	0	0	0	
0	0	171.058371086887178	0	0	0	0	0	0	0	9.04983171100898819e-31	0	0	0	0	0	0	0	0	0	0	1	0	0	0	9.80073200468719463	0	0	0	0	0	0	0	0	0	0	0	0	0	0	0	0	0	0	0	0	0	0	0	0	7.05318471182189199	6.30593860774422499	9.22731673894925386	4.6227631844946302	0	0	0	
0	0	0	0.179279301938228719	0	0	0	0	0	2.77555756156289135e-17	1.21712638060943963e-33	0	0	0	0	0	0	0	0	0	0	1	0	0	0	11.6905901241564578	0	0	0	0	0	0	0	0	0	0	0	0	0	0	0	0	0	0	0	0	0	0	0	0	6.72704445869632028	6.81996930651944311	9.19299229862066802	4.79196032550800943	0	0	0	
0	0	73.288588835133254	0	0	0	0	0	0	0	8.43765276750046467e-25	0	0	0	0	0	0	0	0	0	0	0	0	0	0	2.23976866559827759	0	0	0	0	0	0	0	0	0	0	0	0	0	0	0	0	0	0	0	0	0	0	0	0	6.79910938588763347	6.30740242768388448	9.04137967077470073	5.03039603517940304	0	0	0	
0	0	0	0.127878638182558624	0	0	0	0	0	0	3.73099401757388745e-29	0	0	0	0	0	0	0	0	0	0	0	0	0	0	8.16073123024619207	0	0	0	0	0	0	0	0	0	0	0	0	0	0	0	0	0	0	0	0	0	0	0	2.35280986646744215e-05	7.06453173305932669	6.16729967700991111	9.17386020582074835	4.75339716913044974	0	0	0	
0	0	377.980900933119699	0.135592085693069797	0	0	0	0.000160657623409443673	0	0	1.28065515568547678e-26	0	0	0	0	0	0	0	0	0	0	0	0	0	0	13.2038389040859041	0	0	0	0	0	0	0	0	0	0	0	0	0	0	0	0	0	0	0	0	0	0	0	0	6.50314902090282043	7.39095288846389664	9.21710949723191675	5.04547798276915493	0	0	0	
0	0	0	0.0877036351223785537	0	0	0	0	0	0	1.42535265968971264e-29	0	0	0	0	0	0	0	0	0	0	0	0	0	0.00105173984071415963	12.2443851436702822	0	0	0	0	0	0	0	0	0	0	0	0	0	0	0	0	0	0	0	0	0	0	0	0	6.72794341818772779	5.87731925765045116	9.09488113470395376	5.02011316715021927	0	0	0	
0	0	0	0.0784755404278563162	0	0	0	0.000924470465230475824	0	0	3.34894127349312044e-25	0	0	0	0	0	0	0	0	0	0	1	0	0	0	0	0	0	0	0	0	0	0	0	0	0	0	0	0	0	0	0	0	0	0	0	0	0	0	0.631619372680378821	7.28369792586557718	7.14362442619187288	9.49690497172319326	5.00596948166753464	0	0	0	
0	0	377.980900933119699	0	0	0	0	0	0	0	2.43023322398717819e-23	0	0	0	0	0	0	0	0	0	0	1	0	0	0	1.98307418761023158	0	0	0	0	0	0	0	0	0	0	0	0	0	0	0	0	0	0	0	0	0	0	0	0	6.34614389091938857	7.1392945363710032	9.72610226192444216	5.1122352783927214	0	0	0	
0	0	0	0.0562718078002366617	0	0	0	0	0	0	1.27553123219299847e-28	0	0	0	0	0	0	0	0	0	0	1	0	0	0	11.0984412641962908	0	0	0	0	0	0	0	0	0	0	0	0	0	0	0	0	0	0	0	0	0	0	0	0	6.64460487718480408	5.57257239735408483	9.12792727617172517	4.68706368137412444	0	0	0	
0	0	0	0.0702423685402037146	0	0	0	0	0.000477464097315527525	2.77555756156289135e-17	4.40243723402577624e-25	0	0	0	0	0	0	0	0	0	0	0	0	0	0.00105173984071523776	0	0	0	0	0	0	0	0	0	0	0	0	0	0	0	0	0	0	0	0	0	0	0	0	0	7.10788484883076954	7.46076649068190711	9.7625964293129126	4.90542049083222764	0	0	0	
0	0	377.980900933119699	0	0	0	0	0	0	0	5.96352620486131075e-29	0	0	0	0	0	0	0	0	0	0	0	0	0	0	13.1308833126823359	0	0	0	0	0	0	0	0	0	0	0	0	0	0	0	0	0	0	0	0	0	0.149756491966882288	0	0	6.61407004814513755	6.7914451790853132	9.60762548823543838	4.88240309175083187	0	0	0	
0	0	377.980900933119756	0.0792565174919978022	0	0	0	0	0.00137835972250699434	0	2.01548661634406154e-30	0	0	0	0	0	0	0	0	0	0	0	0	0	0.00105173984071418349	12.9607558552417732	0	0	0	0	0	0	0	0	0	0	0	0	0	0	0	0	0	0	0	0	0	0	0	0	6.28733259483111695	8.74693372350258791	9.78917261225955038	4.83258891676401614	0	0	0	
0	0	354.531766198506602	0.128093224869603617	0	0	0	0	0	0	1.25746721491817245e-30	0	0	0	0	0	0	0	0	0	0	0	0	0	0	0	0	0	0	0	0	0	0	0	0	0	0	0	0	0	0	0	0	0	0	0	0	0	0	0.026543434726028655	6.24362357120804123	6.5079303488001532	9.21389162866414679	5.02991590803426192	0	0	0	
0	0	0	0.243365369653763763	0	0	0	0	0	0	1.34497698034123175e-25	0	0	0	0	0	0	0	0	0	0	0	0	0	0	11.6905901241564596	0	0	0	0	0	0	0	0	0	0	0	0	0	0	0	0	0	0	0	0	0	0	0	0.366210693006639776	7.55440806900698636	6.61554622576573692	8.63281932292210286	5.05417225909091261	0	0	0	
0	0	0	0.328366284544947207	0	0	0	0	0	0	8.72700982392884816e-20	0	0	0	0	0	0	0	0	0	0	0	0	0	0	0	0	0	0	0	0	0	0	0	0	0	0	0	0	0	0	0	0	0	0	0	0	2.8590154943217452e-10	0	9.48614693323634083e-07	6.79094841465921206	6.78169715176486054	9.85568957648052724	5.12324857376596476	0	0	0	
0	0	0	0.136463903316923152	0	0	0	0	0.000395269262835951096	0	1.62295517738647663e-24	0	0	0	0	0	0	0	0	0	0	0	0	0	0.00105173984071402237	3.8731354726996261	0	0	0	0	0	0	0	0	0	0	0	0	0	0	0	0	0	0	0	0	0	0	0	0	6.52847596462177115	6.35532324332277554	9.58664230002461437	4.5530000111228075	0	0	0	
0	0	377.980900933119699	0.0784248893399777103	0	0	0	0	0	2.77555756156289135e-17	2.75317441163372223	0	0	0	0	0	0	0	0	0	0	0.5	0	0	0	6.0328504949421653	0	0	0	0	0	0	0	0	0	0	0	0	0	0	0	0	0	0	0	0	0	0	0	0	6.68871845162001044	6.76795992614077235	8.8328266012818073	4.81220094754390004	0	0	0	
0	0	0	0.0259208903258199008	0	0	0	0	0	0	3.77139622795032864e-31	0	0	0	0	0	0	0	0	0	0	1	0	0	0	1.41111111111109722	0	0	0	0	0	0	0	0	0	0	0	0	0	0	0	0	0	0	0	0	0	0.112884860612886495	0	6.59429919805914785e-08	6.7707802298323303	7.54609870111526249	9.77116748657050316	6.41862660702076937	0	0	0	
0	0	377.980900933119699	0.0139981469577290518	0	0	0	0	0.0077401966811049272	2.77555756156289135e-17	2.21392285218523709e-31	0	0	0	0	0	0	0	0	0	0	0	0	0	0	1.67543200043259333	0	0	0	0	0	0	0	0	0	0	0	0	0	0	0	0	0	0	0	0	0	0	0	0.292338582597716667	6.63704750344314665	6.65836373471154541	9.07010570443009456	5.13909696085426138	0	0	0	
0	0	0	0.0333877219440148476	0	0	0	0	0	0	6.8464607200829619e-37	0	0	0	0	0	0	0	0	0	0	0	0	0	0	18.9078788293380313	0	0	0	0	0	0	0	0	0	0	0	0	0	0	0	0	0	0	0	0	0	0	0	0	6.07429207728196285	5.87518200036212868	9.82623852599249048	4.94857988962541384	0	0	0	
