0	0	0	0.176754494091327041	5.1716995130846044e-09	0	0	0	0.000476318463264790992	0	2.18304560269749359	0	0	0	0	0	0	0	0	0	0	0	0	0	0	30.3266976786300475	0	0	0	0	0	0	0	0	0	0	0	0	0	0	0	0	0	0	0	0	0	0	0	0	0.000419658497084609422	0	0	0.02030622240641854	0	0	0	
0	0	177.127198290408387	0.0959683530104242788	64.7433283970572688	0	0	0	0.000689658793885605803	0	1.41482095001670061	0	0.0963568189538399622	0	0	0	0	0	0	0	0	0	0	0	0	49.7458268191379389	0	0	0	0	0	0	0	0	0	0	0	0	0	0	0	0	0	0	0	0	0	0	0	0	4.50958485454511226e-05	0	0	0	0	0	0	
0	0	0	0.00678156925704853641	8.8965066424862016e-09	0	0	0	0.0028650624379037426	0	3.35932744664675909	0	0	0	0	0	0	0	0	0	0	0	0	0	0	66.8324179486078549	0	0	0	0	0	0	0	0	0	0	0	0	0	0	0	0	0	0	0	0	0	0	0	5.5449451713748194e-06	0.000347896412159407614	0	0	0	0	0	0	
0	0	0	0.0479608581414199264	0	0	0	0	0.00203330137825596946	0	3.21695896351717181	0	0	0	0	0	0	0	0	0	0	0	0	0	0	23.8543287865091322	0	0	0	0	0	0	0	0	0	0	0	0	0	0	0	0	0	0	0	0	0	0	0	0	0.000428272035447929689	0	0	0	0	0	0	
0	0	5.59712731172133005	0.0241502792431294022	0	0	0	0	0.00142921778439830671	0	2.64276306110119918	0	0	0	0	0	0	0	0	0	0	0	0	0	0	42.7622072937538888	0	0	0	0	0	0	0	0	0	0	0	0	0	0	0	0	0	0	0	0	0	0	0	0	5.80145497920091235e-05	0	0	0	0	0	0	
0	0	0	0.0269028052345878788	4.24362315243342891e-06	0	0	0	0.000735484005813802355	0	2.92238709334361602	0	0	0	0	0	0	0	0	0	0	0	0	0	0.00105173984071397185	35.5731126082416722	0	0	0	0	0	0	0	0	0	0	0	0	0	0	0	0	0	0	0	0	0	0	0	0	4.35343757764217187e-05	0	0	0	0	0	0	
0	0	0.0516979837357157135	0.0455211839641009863	0.00029658999169157596	0	0	0	0.000164537025750033372	0	2.41937726612764337	0	0	0	0	0	0	0	0	0	0	0	0	0	0	0	0	0	0	0	0	0	0	0	0	0	0	0	0	0	0	0	0	0	0	0	0	0	0	0	6.27879961195287883e-05	0	0	0.0156304655531790196	0	0	0	
0	0	0	0.175034448682401256	9.47849798649258446e-10	0	0	0	0.00254869947162750243	0	5.02468504045910847e-42	0	0	0	0	0	0	0	0	0	0	0	0	0	0.00105173984071773165	14.7303934335370084	0	0	0	0	0	0	0	0	0	0	0	0	0	0	0	0	0	0	0	0	0	0	0	0	0.000513583322369913498	0	0	0	0	0	0	
0	0	0	0.012528590116652305	55.408240532593851	0	0	0	0	0	4.89453959541950018e-30	0	0	0	0	0	0	0	0	0	0	0	0	0	0.00105173984071396664	24.0297438995534129	0	0	0	0	0	0	0	0	0	0	0	0	0	0	0	0	0	0	0	0	0	0	0	0	0.00188424599736454479	0	0	0	0	0	0	
0	0	8.82989401302779595e-32	0.134552404817692151	0	0	0	0	0.00130242540195002476	0	1.78209466673428452	0	0	0	0	0	0	0	0	0	0	0	0	0	0.00105173984071398898	47.7981709320842469	0	0	0	0	0	0	0	0	0	0	0	0	0	0	0	0	0	0	0	0	0	0	0	0	4.75018288074238737e-05	0	0	0	0	0	0	
0	0	25.2163787358588962	0.0535575496574445253	0	0	0	0	0.000877529610220362244	0	1.96301856418121368	0	0	0	0	0	0	0	0	0	0	0	0	0	0	57.174248671362804	0	0	0	0	0	0	0	0	0	0	0	0	0	0	0	0	0	0	0	0	0	0	0	0	4.2336968658573948e-05	0	0	0	0	0	0	
0	0	0	0.0292465078620826047	0	0	0	0	0.000484885209373620008	0	2.05315265515203293	0	0	0	0	0	0	0	0	0	0	0	0	0	0	37.3757850206307722	0	0	0	0	0	0	0	0	0	0	0	0	0	0	0	0	0	0	0	0	0	0	0	2.94999648120119655e-06	0.000433100046434965746	0	0	0	0	0	0	
0	0	0	0.0955170745997377946	26.022386315744086	0	0	0	0.000663630270802184619	0	1.86022953395919188	0	0	0	0	0	0	0	0	0	0	0	0	0	0.0010517398407139519	0.0227941852203974449	0	0	0	0	0	0	0	0	0	0	0	0	0	0	0	0	0	0	0	0	0	0	0	0	0.00047194813577553299	0	0	0	0	0	0	
0	0	0	0.0400353292267991989	25.7789544963809547	0	0	0	0.00020690401315037743	0	1.68774099539865396	0	0	0	0	0	0	0	0	0	0	0	0	0	0	11.5470459815478463	0	0	0	0	0	0	0	0	0	0	0	0	0	0	0	0	0	0	0	0	0	0	0	0	0.000346091574113690376	0	0	0	0	0	0	
0	0	0.12573778460942675	0.179986338283141256	0	0	0	0	0.000805683458876549352	0	2.28340159543669152	0	0	0	0	0	0	0	0	0	0	0	0	0	0	40.5070794412311983	0	0	0	0	0	0	0	0	0	0	0	0	0	0	0	0	0	0	0	0	0	1.49986395857167768e-05	0	0	5.61630639619448147e-05	0	0	0	0	0	0	
0	0	0	0.0571246624450019169	0	0	0	0	0.000552402868110535294	0	1.50787011620360545	0	0	0	0	0	0	0	0	0	0	0	0	0	0.00105173984071401869	35.9060706942196148	0	0	0	0	0	0	0	0	0	0	0	0	0	0	0	0	0	0	0	0	0	0	0	6.76771083506809895e-06	0.000437731650935180988	0	0	0	0	0	0	
0	0	0	0.253968529992419478	31.89716015352003	0	0	0	0.00180173710682463017	0	2.06839865095630415	0	0	0	0	0	0	0	0	0	0	0	0	0	0	15.1049660901357043	0	0	0	0	0	0	0	0	0	0	0	0	0	0	0	0	0	0	0	0	0	0	0	0	4.28103250053046835e-05	0	0	0	0	0	0	
0	0	0	0.25018411972943555	0	0	0	0	0.000182592349267651777	0	3.1011750197366279	0	0	0	0	0	0	0	0	0	0	0	0	0	0	67.3551801796864993	0	0	0	0	0	0	0	0	0	0	0	0	0	0	0	0	0	0	0	0	0	0	0	6.06755854131279105e-06	0.000341227502544800415	0	0	0.0203060306241209035	0	0	0	
0	0	0	0.207027153148138021	0	0	0	0	0.00186781771063138091	0	2.3894291003264847	0	0	0	0	0	0	0	0	0	0	0	0	0	0.00105173984071396621	17.3258370041927563	0	0	0	0	0	0	0	0	0	0	0	0	0	0	0	0	0	0	0	0	0	0	0	0	0.000317365203369321391	0	0	0	0	0	0	
0	0	0	0.0550034787654629653	0.000412381577376663699	0	0	0	0.00172187702838411116	0	1.65574107942159223e-27	0	0.0740490419690260637	0	0	0	0	0	0	0	0	0	0	0	0.00105173984071396643	45.4010206599555488	0	0	0	0	0	0	0	0	0	0	0	0	0	0	0	0	0	0	0	0	0	0	0	0	0.000692072482698730118	0	0	0	0	0	0	
0	0	0	0.0535554726816060978	1.61548996402416378e-10	0	0	0	0.00193027614284857485	0	1.96231702154099352	0	0	0	0	0	0	0	0	0	0	0	0	0	0	32.6615847223591373	0	0	0	0	0	0	0	0	0	0	0	0	0	0	0	0	0	0	0	0	0	0	0	0	0.0563262843128469887	0	0.00731719830655457038	0	0	0	0	
0	0	0	0.225358221327438546	0	0	0	0	0.00362378371956917356	0	2.27346082231081148	0	0	0	0	0	0	0	0	0	0	0	0	0	0.00105173984071394756	33.3799232164011315	0	0	0	0	0	0	0	0	0	0	0	0	0	0	0	0	0	0	0	0	0	0	0	0	4.42799194668164198e-05	0	0	0	0	0	0	
0	0	0	0.0312757535973311462	0	0	0	0	0.00175299780884230483	0	5.82894177914220764e-36	0	0	0	0	0	0	0	0	0	0	0	0	0	0.00105174792732778358	28.5694845558708472	0	0	0	0	0	0	0	0	0	0	0	0	0	0	0	0	0	0	0	0	0	0	0	0	0.000563598286485278432	0	0	0.0533362004069218021	0	0	0	
0	0	101.614021611295982	0.0280888100937066731	0.504817884190758015	0	0	0	0.00158878271265838755	0	1.91684646118085134	0	0	0	0	0	0	0	0	0	0	0	0	0	0.00105173984071393911	63.5149164427347586	0	0	0	0	0	0	0	0	0	0	0	0	0	0	0	0	0	0	0	0	0	0	0	0	0.00145229935117920789	0	0	0	0	0	0	
0	0	0.292437569528675612	0.121158983778943741	0	0	0	0	0.00184260158233107152	0	1.97101560272056808	0	0	0	0	0	0	0	0	0	0	0	0	0	0	46.4350422841511232	0	0	0	0	0	0	0	0	0	0	0	0	0	0	0	0	0	0	0	0	0	0	0	0	0.000391988457919982547	0	0	0	0	0	0	
